+-------------+---------------+---------------+---------------+---------------+---------------+---------------+---------------+---------------+---------------+---------------+---------------+---------------+------------+------------+------------+------------+------------+------------+------------+------------+------------+------------+------------+------------+------------+------------+------------+------------+------------+------------+------------+------------+------------+------------+------------+------------+------------+------------+------------+------------+------------+
|             |   Aleksei-001 |   Aleksei-002 |   Aleksei-003 |   Aleksei-004 |   Aleksei-005 |   Aleksei-006 |   Aleksei-007 |   Aleksei-008 |   Aleksei-009 |   Aleksei-010 |   Aleksei-011 |   Aleksei-012 |   Cave-001 |   Cave-002 |   Cave-003 |   Cave-004 |   Cave-005 |   Cave-010 |   Cave-011 |   Cave-012 |   Cave-013 |   Helo-001 |   Helo-002 |   Helo-003 |   Helo-004 |   Helo-005 |   Helo-006 |   Helo-007 |   Helo-008 |   Helo-009 |   amer-001 |   amer-002 |   amer-003 |   amer-004 |   amer-005 |   amer-006 |   amer-007 |   amer-008 |   amer-009 |   amer-010 |   amer-011 |
+=============+===============+===============+===============+===============+===============+===============+===============+===============+===============+===============+===============+===============+============+============+============+============+============+============+============+============+============+============+============+============+============+============+============+============+============+============+============+============+============+============+============+============+============+============+============+============+============+
| Aleksei-001 |         0     |         0.418 |         0.53  |         0.804 |         0.79  |         0.846 |         0.97  |         0.945 |         1.029 |         0.781 |         0.34  |         0.525 |      1.128 |      1.064 |      1.065 |      0.966 |      0.846 |      1.042 |      1.02  |      1.079 |      0.923 |      1.153 |      1.162 |      1.162 |      1.329 |      1.106 |      1.272 |      1.293 |      1.208 |      1.188 |      1.211 |      1.318 |      1.301 |      1.356 |      1.264 |      1.335 |      1.322 |      1.316 |      1.315 |      1.298 |      1.302 |
+-------------+---------------+---------------+---------------+---------------+---------------+---------------+---------------+---------------+---------------+---------------+---------------+---------------+------------+------------+------------+------------+------------+------------+------------+------------+------------+------------+------------+------------+------------+------------+------------+------------+------------+------------+------------+------------+------------+------------+------------+------------+------------+------------+------------+------------+------------+
| Aleksei-002 |         0.418 |         0     |         0.655 |         0.875 |         0.83  |         0.851 |         0.975 |         0.974 |         1.069 |         0.849 |         0.372 |         0.542 |      1.229 |      1.202 |      1.175 |      1.068 |      0.998 |      1.166 |      1.147 |      1.178 |      1.029 |      1.181 |      1.205 |      1.204 |      1.302 |      1.116 |      1.246 |      1.262 |      1.278 |      1.147 |      1.202 |      1.282 |      1.269 |      1.336 |      1.251 |      1.297 |      1.346 |      1.33  |      1.338 |      1.327 |      1.335 |
+-------------+---------------+---------------+---------------+---------------+---------------+---------------+---------------+---------------+---------------+---------------+---------------+---------------+------------+------------+------------+------------+------------+------------+------------+------------+------------+------------+------------+------------+------------+------------+------------+------------+------------+------------+------------+------------+------------+------------+------------+------------+------------+------------+------------+------------+------------+
| Aleksei-003 |         0.53  |         0.655 |         0     |         0.831 |         0.783 |         0.88  |         0.966 |         0.895 |         0.997 |         0.81  |         0.536 |         0.397 |      1.087 |      1.071 |      1.037 |      0.976 |      0.894 |      1.041 |      1.045 |      1.123 |      0.91  |      1.151 |      1.152 |      1.153 |      1.348 |      1.138 |      1.237 |      1.204 |      1.123 |      1.187 |      1.22  |      1.322 |      1.309 |      1.329 |      1.319 |      1.363 |      1.354 |      1.36  |      1.289 |      1.266 |      1.247 |
+-------------+---------------+---------------+---------------+---------------+---------------+---------------+---------------+---------------+---------------+---------------+---------------+---------------+------------+------------+------------+------------+------------+------------+------------+------------+------------+------------+------------+------------+------------+------------+------------+------------+------------+------------+------------+------------+------------+------------+------------+------------+------------+------------+------------+------------+------------+
| Aleksei-004 |         0.804 |         0.875 |         0.831 |         0     |         0.459 |         0.453 |         0.904 |         0.692 |         0.609 |         0.259 |         0.88  |         0.839 |      1.089 |      1.056 |      1.052 |      1.076 |      1.007 |      1.023 |      0.993 |      1.183 |      1.083 |      1.243 |      1.2   |      1.181 |      1.393 |      1.277 |      1.311 |      1.308 |      1.308 |      1.238 |      1.296 |      1.376 |      1.373 |      1.415 |      1.267 |      1.35  |      1.352 |      1.318 |      1.333 |      1.349 |      1.313 |
+-------------+---------------+---------------+---------------+---------------+---------------+---------------+---------------+---------------+---------------+---------------+---------------+---------------+------------+------------+------------+------------+------------+------------+------------+------------+------------+------------+------------+------------+------------+------------+------------+------------+------------+------------+------------+------------+------------+------------+------------+------------+------------+------------+------------+------------+------------+
| Aleksei-005 |         0.79  |         0.83  |         0.783 |         0.459 |         0     |         0.659 |         0.986 |         0.812 |         0.831 |         0.439 |         0.829 |         0.799 |      1.064 |      1.049 |      1.025 |      1.059 |      0.989 |      1.033 |      0.97  |      1.117 |      1.084 |      1.226 |      1.162 |      1.138 |      1.411 |      1.167 |      1.19  |      1.209 |      1.247 |      1.199 |      1.277 |      1.405 |      1.384 |      1.428 |      1.208 |      1.349 |      1.302 |      1.331 |      1.327 |      1.313 |      1.262 |
+-------------+---------------+---------------+---------------+---------------+---------------+---------------+---------------+---------------+---------------+---------------+---------------+---------------+------------+------------+------------+------------+------------+------------+------------+------------+------------+------------+------------+------------+------------+------------+------------+------------+------------+------------+------------+------------+------------+------------+------------+------------+------------+------------+------------+------------+------------+
| Aleksei-006 |         0.846 |         0.851 |         0.88  |         0.453 |         0.659 |         0     |         0.993 |         0.667 |         0.593 |         0.482 |         0.904 |         0.862 |      1.271 |      1.224 |      1.22  |      1.212 |      1.143 |      1.215 |      1.145 |      1.295 |      1.199 |      1.266 |      1.195 |      1.18  |      1.335 |      1.224 |      1.315 |      1.352 |      1.327 |      1.177 |      1.383 |      1.417 |      1.409 |      1.482 |      1.31  |      1.396 |      1.423 |      1.367 |      1.363 |      1.391 |      1.379 |
+-------------+---------------+---------------+---------------+---------------+---------------+---------------+---------------+---------------+---------------+---------------+---------------+---------------+------------+------------+------------+------------+------------+------------+------------+------------+------------+------------+------------+------------+------------+------------+------------+------------+------------+------------+------------+------------+------------+------------+------------+------------+------------+------------+------------+------------+------------+
| Aleksei-007 |         0.97  |         0.975 |         0.966 |         0.904 |         0.986 |         0.993 |         0     |         0.907 |         1.035 |         0.905 |         0.975 |         0.962 |      1.22  |      1.23  |      1.224 |      1.223 |      1.186 |      1.149 |      1.204 |      1.279 |      1.142 |      1.318 |      1.353 |      1.343 |      1.243 |      1.269 |      1.395 |      1.341 |      1.38  |      1.327 |      1.402 |      1.435 |      1.401 |      1.445 |      1.42  |      1.385 |      1.459 |      1.447 |      1.438 |      1.416 |      1.455 |
+-------------+---------------+---------------+---------------+---------------+---------------+---------------+---------------+---------------+---------------+---------------+---------------+---------------+------------+------------+------------+------------+------------+------------+------------+------------+------------+------------+------------+------------+------------+------------+------------+------------+------------+------------+------------+------------+------------+------------+------------+------------+------------+------------+------------+------------+------------+
| Aleksei-008 |         0.945 |         0.974 |         0.895 |         0.692 |         0.812 |         0.667 |         0.907 |         0     |         0.787 |         0.679 |         0.986 |         0.949 |      1.165 |      1.122 |      1.161 |      1.155 |      1.114 |      1.104 |      1.073 |      1.209 |      1.141 |      1.314 |      1.285 |      1.283 |      1.428 |      1.281 |      1.346 |      1.369 |      1.352 |      1.257 |      1.436 |      1.438 |      1.432 |      1.488 |      1.346 |      1.42  |      1.49  |      1.438 |      1.426 |      1.466 |      1.397 |
+-------------+---------------+---------------+---------------+---------------+---------------+---------------+---------------+---------------+---------------+---------------+---------------+---------------+------------+------------+------------+------------+------------+------------+------------+------------+------------+------------+------------+------------+------------+------------+------------+------------+------------+------------+------------+------------+------------+------------+------------+------------+------------+------------+------------+------------+------------+
| Aleksei-009 |         1.029 |         1.069 |         0.997 |         0.609 |         0.831 |         0.593 |         1.035 |         0.787 |         0     |         0.654 |         1.097 |         1.049 |      1.177 |      1.091 |      1.093 |      1.094 |      1.15  |      1.14  |      1.091 |      1.185 |      1.155 |      1.344 |      1.273 |      1.273 |      1.353 |      1.292 |      1.329 |      1.347 |      1.318 |      1.256 |      1.423 |      1.461 |      1.487 |      1.517 |      1.372 |      1.478 |      1.506 |      1.459 |      1.445 |      1.477 |      1.401 |
+-------------+---------------+---------------+---------------+---------------+---------------+---------------+---------------+---------------+---------------+---------------+---------------+---------------+------------+------------+------------+------------+------------+------------+------------+------------+------------+------------+------------+------------+------------+------------+------------+------------+------------+------------+------------+------------+------------+------------+------------+------------+------------+------------+------------+------------+------------+
| Aleksei-010 |         0.781 |         0.849 |         0.81  |         0.259 |         0.439 |         0.482 |         0.905 |         0.679 |         0.654 |         0     |         0.853 |         0.812 |      1.043 |      1.008 |      0.995 |      1.013 |      0.948 |      0.96  |      0.917 |      1.121 |      1.013 |      1.204 |      1.193 |      1.166 |      1.395 |      1.234 |      1.297 |      1.314 |      1.273 |      1.232 |      1.307 |      1.397 |      1.392 |      1.435 |      1.28  |      1.345 |      1.355 |      1.335 |      1.373 |      1.379 |      1.325 |
+-------------+---------------+---------------+---------------+---------------+---------------+---------------+---------------+---------------+---------------+---------------+---------------+---------------+------------+------------+------------+------------+------------+------------+------------+------------+------------+------------+------------+------------+------------+------------+------------+------------+------------+------------+------------+------------+------------+------------+------------+------------+------------+------------+------------+------------+------------+
| Aleksei-011 |         0.34  |         0.372 |         0.536 |         0.88  |         0.829 |         0.904 |         0.975 |         0.986 |         1.097 |         0.853 |         0     |         0.49  |      1.125 |      1.102 |      1.093 |      1.011 |      0.9   |      1.053 |      1.051 |      1.096 |      0.959 |      1.127 |      1.154 |      1.153 |      1.277 |      1.115 |      1.242 |      1.238 |      1.246 |      1.13  |      1.227 |      1.292 |      1.272 |      1.332 |      1.3   |      1.319 |      1.339 |      1.338 |      1.299 |      1.294 |      1.33  |
+-------------+---------------+---------------+---------------+---------------+---------------+---------------+---------------+---------------+---------------+---------------+---------------+---------------+------------+------------+------------+------------+------------+------------+------------+------------+------------+------------+------------+------------+------------+------------+------------+------------+------------+------------+------------+------------+------------+------------+------------+------------+------------+------------+------------+------------+------------+
| Aleksei-012 |         0.525 |         0.542 |         0.397 |         0.839 |         0.799 |         0.862 |         0.962 |         0.949 |         1.049 |         0.812 |         0.49  |         0     |      1.142 |      1.121 |      1.098 |      0.997 |      0.933 |      1.08  |      1.073 |      1.132 |      0.935 |      1.101 |      1.133 |      1.118 |      1.232 |      1.106 |      1.196 |      1.202 |      1.136 |      1.124 |      1.153 |      1.258 |      1.252 |      1.281 |      1.262 |      1.304 |      1.342 |      1.351 |      1.319 |      1.316 |      1.255 |
+-------------+---------------+---------------+---------------+---------------+---------------+---------------+---------------+---------------+---------------+---------------+---------------+---------------+------------+------------+------------+------------+------------+------------+------------+------------+------------+------------+------------+------------+------------+------------+------------+------------+------------+------------+------------+------------+------------+------------+------------+------------+------------+------------+------------+------------+------------+
| Cave-001    |         1.128 |         1.229 |         1.087 |         1.089 |         1.064 |         1.271 |         1.22  |         1.165 |         1.177 |         1.043 |         1.125 |         1.142 |      0     |      0.405 |      0.413 |      0.669 |      0.664 |      0.44  |      0.539 |      0.646 |      0.823 |      1.225 |      1.252 |      1.26  |      1.447 |      1.257 |      1.305 |      1.308 |      1.191 |      1.357 |      1.291 |      1.363 |      1.395 |      1.37  |      1.329 |      1.318 |      1.295 |      1.337 |      1.381 |      1.422 |      1.333 |
+-------------+---------------+---------------+---------------+---------------+---------------+---------------+---------------+---------------+---------------+---------------+---------------+---------------+------------+------------+------------+------------+------------+------------+------------+------------+------------+------------+------------+------------+------------+------------+------------+------------+------------+------------+------------+------------+------------+------------+------------+------------+------------+------------+------------+------------+------------+
| Cave-002    |         1.064 |         1.202 |         1.071 |         1.056 |         1.049 |         1.224 |         1.23  |         1.122 |         1.091 |         1.008 |         1.102 |         1.121 |      0.405 |      0     |      0.367 |      0.597 |      0.633 |      0.408 |      0.469 |      0.588 |      0.799 |      1.192 |      1.213 |      1.234 |      1.452 |      1.244 |      1.249 |      1.298 |      1.128 |      1.306 |      1.316 |      1.41  |      1.445 |      1.43  |      1.321 |      1.387 |      1.343 |      1.373 |      1.396 |      1.429 |      1.33  |
+-------------+---------------+---------------+---------------+---------------+---------------+---------------+---------------+---------------+---------------+---------------+---------------+---------------+------------+------------+------------+------------+------------+------------+------------+------------+------------+------------+------------+------------+------------+------------+------------+------------+------------+------------+------------+------------+------------+------------+------------+------------+------------+------------+------------+------------+------------+
| Cave-003    |         1.065 |         1.175 |         1.037 |         1.052 |         1.025 |         1.22  |         1.224 |         1.161 |         1.093 |         0.995 |         1.093 |         1.098 |      0.413 |      0.367 |      0     |      0.56  |      0.64  |      0.487 |      0.599 |      0.684 |      0.779 |      1.197 |      1.221 |      1.241 |      1.442 |      1.279 |      1.251 |      1.281 |      1.085 |      1.34  |      1.28  |      1.365 |      1.412 |      1.386 |      1.295 |      1.35  |      1.333 |      1.349 |      1.351 |      1.372 |      1.29  |
+-------------+---------------+---------------+---------------+---------------+---------------+---------------+---------------+---------------+---------------+---------------+---------------+---------------+------------+------------+------------+------------+------------+------------+------------+------------+------------+------------+------------+------------+------------+------------+------------+------------+------------+------------+------------+------------+------------+------------+------------+------------+------------+------------+------------+------------+------------+
| Cave-004    |         0.966 |         1.068 |         0.976 |         1.076 |         1.059 |         1.212 |         1.223 |         1.155 |         1.094 |         1.013 |         1.011 |         0.997 |      0.669 |      0.597 |      0.56  |      0     |      0.445 |      0.642 |      0.677 |      0.705 |      0.522 |      1.173 |      1.254 |      1.251 |      1.413 |      1.256 |      1.271 |      1.321 |      1.14  |      1.335 |      1.187 |      1.257 |      1.354 |      1.314 |      1.263 |      1.328 |      1.369 |      1.398 |      1.438 |      1.433 |      1.297 |
+-------------+---------------+---------------+---------------+---------------+---------------+---------------+---------------+---------------+---------------+---------------+---------------+---------------+------------+------------+------------+------------+------------+------------+------------+------------+------------+------------+------------+------------+------------+------------+------------+------------+------------+------------+------------+------------+------------+------------+------------+------------+------------+------------+------------+------------+------------+
| Cave-005    |         0.846 |         0.998 |         0.894 |         1.007 |         0.989 |         1.143 |         1.186 |         1.114 |         1.15  |         0.948 |         0.9   |         0.933 |      0.664 |      0.633 |      0.64  |      0.445 |      0     |      0.631 |      0.675 |      0.739 |      0.61  |      1.208 |      1.24  |      1.222 |      1.461 |      1.239 |      1.338 |      1.363 |      1.21  |      1.349 |      1.149 |      1.22  |      1.28  |      1.273 |      1.247 |      1.266 |      1.277 |      1.299 |      1.338 |      1.36  |      1.275 |
+-------------+---------------+---------------+---------------+---------------+---------------+---------------+---------------+---------------+---------------+---------------+---------------+---------------+------------+------------+------------+------------+------------+------------+------------+------------+------------+------------+------------+------------+------------+------------+------------+------------+------------+------------+------------+------------+------------+------------+------------+------------+------------+------------+------------+------------+------------+
| Cave-010    |         1.042 |         1.166 |         1.041 |         1.023 |         1.033 |         1.215 |         1.149 |         1.104 |         1.14  |         0.96  |         1.053 |         1.08  |      0.44  |      0.408 |      0.487 |      0.642 |      0.631 |      0     |      0.394 |      0.615 |      0.627 |      1.122 |      1.178 |      1.185 |      1.361 |      1.205 |      1.253 |      1.283 |      1.142 |      1.271 |      1.308 |      1.359 |      1.381 |      1.359 |      1.329 |      1.304 |      1.277 |      1.298 |      1.34  |      1.378 |      1.327 |
+-------------+---------------+---------------+---------------+---------------+---------------+---------------+---------------+---------------+---------------+---------------+---------------+---------------+------------+------------+------------+------------+------------+------------+------------+------------+------------+------------+------------+------------+------------+------------+------------+------------+------------+------------+------------+------------+------------+------------+------------+------------+------------+------------+------------+------------+------------+
| Cave-011    |         1.02  |         1.147 |         1.045 |         0.993 |         0.97  |         1.145 |         1.204 |         1.073 |         1.091 |         0.917 |         1.051 |         1.073 |      0.539 |      0.469 |      0.599 |      0.677 |      0.675 |      0.394 |      0     |      0.564 |      0.671 |      1.107 |      1.17  |      1.171 |      1.352 |      1.157 |      1.196 |      1.262 |      1.137 |      1.263 |      1.295 |      1.358 |      1.385 |      1.385 |      1.29  |      1.321 |      1.257 |      1.299 |      1.353 |      1.387 |      1.284 |
+-------------+---------------+---------------+---------------+---------------+---------------+---------------+---------------+---------------+---------------+---------------+---------------+---------------+------------+------------+------------+------------+------------+------------+------------+------------+------------+------------+------------+------------+------------+------------+------------+------------+------------+------------+------------+------------+------------+------------+------------+------------+------------+------------+------------+------------+------------+
| Cave-012    |         1.079 |         1.178 |         1.123 |         1.183 |         1.117 |         1.295 |         1.279 |         1.209 |         1.185 |         1.121 |         1.096 |         1.132 |      0.646 |      0.588 |      0.684 |      0.705 |      0.739 |      0.615 |      0.564 |      0     |      0.782 |      1.125 |      1.185 |      1.177 |      1.314 |      1.053 |      1.123 |      1.184 |      1.121 |      1.214 |      1.368 |      1.407 |      1.466 |      1.429 |      1.366 |      1.387 |      1.369 |      1.433 |      1.45  |      1.49  |      1.382 |
+-------------+---------------+---------------+---------------+---------------+---------------+---------------+---------------+---------------+---------------+---------------+---------------+---------------+------------+------------+------------+------------+------------+------------+------------+------------+------------+------------+------------+------------+------------+------------+------------+------------+------------+------------+------------+------------+------------+------------+------------+------------+------------+------------+------------+------------+------------+
| Cave-013    |         0.923 |         1.029 |         0.91  |         1.083 |         1.084 |         1.199 |         1.142 |         1.141 |         1.155 |         1.013 |         0.959 |         0.935 |      0.823 |      0.799 |      0.779 |      0.522 |      0.61  |      0.627 |      0.671 |      0.782 |      0     |      1.088 |      1.207 |      1.202 |      1.277 |      1.182 |      1.222 |      1.273 |      1.106 |      1.263 |      1.205 |      1.242 |      1.304 |      1.269 |      1.276 |      1.27  |      1.288 |      1.322 |      1.369 |      1.373 |      1.279 |
+-------------+---------------+---------------+---------------+---------------+---------------+---------------+---------------+---------------+---------------+---------------+---------------+---------------+------------+------------+------------+------------+------------+------------+------------+------------+------------+------------+------------+------------+------------+------------+------------+------------+------------+------------+------------+------------+------------+------------+------------+------------+------------+------------+------------+------------+------------+
| Helo-001    |         1.153 |         1.181 |         1.151 |         1.243 |         1.226 |         1.266 |         1.318 |         1.314 |         1.344 |         1.204 |         1.127 |         1.101 |      1.225 |      1.192 |      1.197 |      1.173 |      1.208 |      1.122 |      1.107 |      1.125 |      1.088 |      0     |      0.577 |      0.568 |      0.834 |      0.983 |      0.749 |      0.779 |      0.651 |      0.651 |      1.272 |      1.275 |      1.308 |      1.315 |      1.206 |      1.226 |      1.209 |      1.233 |      1.226 |      1.223 |      1.376 |
+-------------+---------------+---------------+---------------+---------------+---------------+---------------+---------------+---------------+---------------+---------------+---------------+---------------+------------+------------+------------+------------+------------+------------+------------+------------+------------+------------+------------+------------+------------+------------+------------+------------+------------+------------+------------+------------+------------+------------+------------+------------+------------+------------+------------+------------+------------+
| Helo-002    |         1.162 |         1.205 |         1.152 |         1.2   |         1.162 |         1.195 |         1.353 |         1.285 |         1.273 |         1.193 |         1.154 |         1.133 |      1.252 |      1.213 |      1.221 |      1.254 |      1.24  |      1.178 |      1.17  |      1.185 |      1.207 |      0.577 |      0     |      0.19  |      0.931 |      0.856 |      0.791 |      0.885 |      0.717 |      0.47  |      1.328 |      1.317 |      1.333 |      1.337 |      1.193 |      1.262 |      1.179 |      1.181 |      1.126 |      1.165 |      1.379 |
+-------------+---------------+---------------+---------------+---------------+---------------+---------------+---------------+---------------+---------------+---------------+---------------+---------------+------------+------------+------------+------------+------------+------------+------------+------------+------------+------------+------------+------------+------------+------------+------------+------------+------------+------------+------------+------------+------------+------------+------------+------------+------------+------------+------------+------------+------------+
| Helo-003    |         1.162 |         1.204 |         1.153 |         1.181 |         1.138 |         1.18  |         1.343 |         1.283 |         1.273 |         1.166 |         1.153 |         1.118 |      1.26  |      1.234 |      1.241 |      1.251 |      1.222 |      1.185 |      1.171 |      1.177 |      1.202 |      0.568 |      0.19  |      0     |      0.918 |      0.829 |      0.775 |      0.871 |      0.744 |      0.478 |      1.296 |      1.293 |      1.306 |      1.32  |      1.174 |      1.229 |      1.159 |      1.164 |      1.116 |      1.163 |      1.371 |
+-------------+---------------+---------------+---------------+---------------+---------------+---------------+---------------+---------------+---------------+---------------+---------------+---------------+------------+------------+------------+------------+------------+------------+------------+------------+------------+------------+------------+------------+------------+------------+------------+------------+------------+------------+------------+------------+------------+------------+------------+------------+------------+------------+------------+------------+------------+
| Helo-004    |         1.329 |         1.302 |         1.348 |         1.393 |         1.411 |         1.335 |         1.243 |         1.428 |         1.353 |         1.395 |         1.277 |         1.232 |      1.447 |      1.452 |      1.442 |      1.413 |      1.461 |      1.361 |      1.352 |      1.314 |      1.277 |      0.834 |      0.931 |      0.918 |      0     |      1.038 |      0.979 |      0.967 |      1.007 |      0.847 |      1.389 |      1.336 |      1.345 |      1.36  |      1.309 |      1.271 |      1.292 |      1.304 |      1.311 |      1.342 |      1.436 |
+-------------+---------------+---------------+---------------+---------------+---------------+---------------+---------------+---------------+---------------+---------------+---------------+---------------+------------+------------+------------+------------+------------+------------+------------+------------+------------+------------+------------+------------+------------+------------+------------+------------+------------+------------+------------+------------+------------+------------+------------+------------+------------+------------+------------+------------+------------+
| Helo-005    |         1.106 |         1.116 |         1.138 |         1.277 |         1.167 |         1.224 |         1.269 |         1.281 |         1.292 |         1.234 |         1.115 |         1.106 |      1.257 |      1.244 |      1.279 |      1.256 |      1.239 |      1.205 |      1.157 |      1.053 |      1.182 |      0.983 |      0.856 |      0.829 |      1.038 |      0     |      0.888 |      1.02  |      0.885 |      0.754 |      1.469 |      1.472 |      1.473 |      1.483 |      1.335 |      1.353 |      1.334 |      1.366 |      1.388 |      1.378 |      1.472 |
+-------------+---------------+---------------+---------------+---------------+---------------+---------------+---------------+---------------+---------------+---------------+---------------+---------------+------------+------------+------------+------------+------------+------------+------------+------------+------------+------------+------------+------------+------------+------------+------------+------------+------------+------------+------------+------------+------------+------------+------------+------------+------------+------------+------------+------------+------------+
| Helo-006    |         1.272 |         1.246 |         1.237 |         1.311 |         1.19  |         1.315 |         1.395 |         1.346 |         1.329 |         1.297 |         1.242 |         1.196 |      1.305 |      1.249 |      1.251 |      1.271 |      1.338 |      1.253 |      1.196 |      1.123 |      1.222 |      0.749 |      0.791 |      0.775 |      0.979 |      0.888 |      0     |      0.419 |      0.723 |      0.681 |      1.391 |      1.423 |      1.41  |      1.448 |      1.17  |      1.346 |      1.293 |      1.34  |      1.251 |      1.293 |      1.397 |
+-------------+---------------+---------------+---------------+---------------+---------------+---------------+---------------+---------------+---------------+---------------+---------------+---------------+------------+------------+------------+------------+------------+------------+------------+------------+------------+------------+------------+------------+------------+------------+------------+------------+------------+------------+------------+------------+------------+------------+------------+------------+------------+------------+------------+------------+------------+
| Helo-007    |         1.293 |         1.262 |         1.204 |         1.308 |         1.209 |         1.352 |         1.341 |         1.369 |         1.347 |         1.314 |         1.238 |         1.202 |      1.308 |      1.298 |      1.281 |      1.321 |      1.363 |      1.283 |      1.262 |      1.184 |      1.273 |      0.779 |      0.885 |      0.871 |      0.967 |      1.02  |      0.419 |      0     |      0.796 |      0.788 |      1.353 |      1.384 |      1.374 |      1.397 |      1.217 |      1.351 |      1.295 |      1.356 |      1.268 |      1.284 |      1.382 |
+-------------+---------------+---------------+---------------+---------------+---------------+---------------+---------------+---------------+---------------+---------------+---------------+---------------+------------+------------+------------+------------+------------+------------+------------+------------+------------+------------+------------+------------+------------+------------+------------+------------+------------+------------+------------+------------+------------+------------+------------+------------+------------+------------+------------+------------+------------+
| Helo-008    |         1.208 |         1.278 |         1.123 |         1.308 |         1.247 |         1.327 |         1.38  |         1.352 |         1.318 |         1.273 |         1.246 |         1.136 |      1.191 |      1.128 |      1.085 |      1.14  |      1.21  |      1.142 |      1.137 |      1.121 |      1.106 |      0.651 |      0.717 |      0.744 |      1.007 |      0.885 |      0.723 |      0.796 |      0     |      0.797 |      1.296 |      1.371 |      1.398 |      1.371 |      1.21  |      1.293 |      1.237 |      1.283 |      1.241 |      1.234 |      1.345 |
+-------------+---------------+---------------+---------------+---------------+---------------+---------------+---------------+---------------+---------------+---------------+---------------+---------------+------------+------------+------------+------------+------------+------------+------------+------------+------------+------------+------------+------------+------------+------------+------------+------------+------------+------------+------------+------------+------------+------------+------------+------------+------------+------------+------------+------------+------------+
| Helo-009    |         1.188 |         1.147 |         1.187 |         1.238 |         1.199 |         1.177 |         1.327 |         1.257 |         1.256 |         1.232 |         1.13  |         1.124 |      1.357 |      1.306 |      1.34  |      1.335 |      1.349 |      1.271 |      1.263 |      1.214 |      1.263 |      0.651 |      0.47  |      0.478 |      0.847 |      0.754 |      0.681 |      0.788 |      0.797 |      0     |      1.415 |      1.371 |      1.381 |      1.405 |      1.238 |      1.288 |      1.276 |      1.286 |      1.251 |      1.271 |      1.455 |
+-------------+---------------+---------------+---------------+---------------+---------------+---------------+---------------+---------------+---------------+---------------+---------------+---------------+------------+------------+------------+------------+------------+------------+------------+------------+------------+------------+------------+------------+------------+------------+------------+------------+------------+------------+------------+------------+------------+------------+------------+------------+------------+------------+------------+------------+------------+
| amer-001    |         1.211 |         1.202 |         1.22  |         1.296 |         1.277 |         1.383 |         1.402 |         1.436 |         1.423 |         1.307 |         1.227 |         1.153 |      1.291 |      1.316 |      1.28  |      1.187 |      1.149 |      1.308 |      1.295 |      1.368 |      1.205 |      1.272 |      1.328 |      1.296 |      1.389 |      1.469 |      1.391 |      1.353 |      1.296 |      1.415 |      0     |      0.569 |      0.633 |      0.568 |      0.707 |      0.707 |      0.763 |      0.831 |      0.995 |      0.989 |      0.775 |
+-------------+---------------+---------------+---------------+---------------+---------------+---------------+---------------+---------------+---------------+---------------+---------------+---------------+------------+------------+------------+------------+------------+------------+------------+------------+------------+------------+------------+------------+------------+------------+------------+------------+------------+------------+------------+------------+------------+------------+------------+------------+------------+------------+------------+------------+------------+
| amer-002    |         1.318 |         1.282 |         1.322 |         1.376 |         1.405 |         1.417 |         1.435 |         1.438 |         1.461 |         1.397 |         1.292 |         1.258 |      1.363 |      1.41  |      1.365 |      1.257 |      1.22  |      1.359 |      1.358 |      1.407 |      1.242 |      1.275 |      1.317 |      1.293 |      1.336 |      1.472 |      1.423 |      1.384 |      1.371 |      1.371 |      0.569 |      0     |      0.433 |      0.319 |      0.822 |      0.644 |      0.795 |      0.764 |      0.908 |      0.881 |      0.793 |
+-------------+---------------+---------------+---------------+---------------+---------------+---------------+---------------+---------------+---------------+---------------+---------------+---------------+------------+------------+------------+------------+------------+------------+------------+------------+------------+------------+------------+------------+------------+------------+------------+------------+------------+------------+------------+------------+------------+------------+------------+------------+------------+------------+------------+------------+------------+
| amer-003    |         1.301 |         1.269 |         1.309 |         1.373 |         1.384 |         1.409 |         1.401 |         1.432 |         1.487 |         1.392 |         1.272 |         1.252 |      1.395 |      1.445 |      1.412 |      1.354 |      1.28  |      1.381 |      1.385 |      1.466 |      1.304 |      1.308 |      1.333 |      1.306 |      1.345 |      1.473 |      1.41  |      1.374 |      1.398 |      1.381 |      0.633 |      0.433 |      0     |      0.388 |      0.837 |      0.652 |      0.717 |      0.646 |      0.81  |      0.822 |      0.859 |
